 6493.184
 8497.314
 6492.555
 6492.883
-6125.791
 6492.816
 6492.869
 6496.176
 6492.412
 6493.183
 6492.251
-6086.594
 1876.521
 6492.973
 6492.644
-5871.518
 1864.946
-6133.772
 6492.571
 6492.602
 1909.503
-6103.238
-6112.354
 6492.950
 6492.297
-6099.885
 6493.088
-6124.134
-6094.567
-6079.603
-6133.476
 6492.753
-6135.493
 1875.352
 1892.933
 6492.781
 6493.000
-6077.773
 6496.741
-6091.697
-6097.715
 6497.175
-6093.227
 6493.021
-6137.219
 6493.093
 6493.357
 6492.526
 2033.288
 6493.328
 6493.421
 2183.318
-6128.619
 6492.685
 6492.434
 2088.373
 6492.915
 1936.690
-6125.136
 2251.668
-6085.207
-6132.606
 6493.184
-6133.076
 6493.138
 1915.710
 2034.143
-6113.609
 6492.816
-6113.542
 1871.643
 2177.813
 6492.636
 6492.849
 6492.429
-6056.321
 6493.267
 1866.634
 6492.520
-6082.216
-6120.832
 6492.711
 6492.966
 6491.977
-6138.777
 6492.493
 6493.182
 6492.590
 6492.459
 6492.935
-6066.075
 1882.406
 6496.333
 6493.189
 6493.254
 6492.885
-6114.590
-5795.317
 6493.427
 6493.168
 6493.787
 6492.872
 1871.451
 6492.391
-5900.209
 6493.077
-6133.611
 6493.222
-6117.786
 6493.123
 6493.221
 6492.755
 2010.313
 6492.264
-5810.897
 6492.642
-6110.754
-6065.673
 6493.640
 6493.018
 1882.517
 6493.357
-6096.606
 6496.261
 2412.957
 6492.556
 6496.926
-6137.535
 6493.616
-6098.084
-6075.796
-6107.282
 6492.719
 6492.456
 6492.620
 6492.547
 6492.898
 6496.367
 6493.105
 6492.786
 6492.518
-6116.365
 1909.295
-6132.342
-6128.476
 6496.341
 1889.538
 2331.084
-6092.474
 2128.873
 6495.720
-6134.322
 6492.735
 6493.093
 6493.016
-6113.532
 6493.388
 1870.382
 1897.432
 6496.249
 6492.267
-6095.876
 6493.256
 6493.023
 6493.028
 6493.303
 6492.714
 6492.490
 1886.984
 6493.209
 6493.408
-6126.691
-5754.609
 2362.965
 6492.849
 6492.853
 6492.747
 6492.543
 6493.185
-5765.692
 1873.201
-6121.247
 6493.505
 6493.410
-6106.736
 6493.064
 6492.776
 6492.704
 6492.315
-6138.099
 6492.046
 6496.936
-5960.465
 6493.309
 6492.966
 6492.986
-6075.213
-5876.470
-5912.239
-6133.590
 6493.316
 1876.846
-6095.806
 6493.445
 6492.419
 6492.596
 2413.216
 2145.202
 6492.740
 6496.699
 6492.533
 6492.889
 1868.726
 6493.120
 2023.983
 6492.954
 6492.611
 6492.883
 1862.468
-6138.584
-5960.548
 1862.664
 6492.724
 6492.659
 6492.600
 6493.023
-6072.807
 1870.167
 6493.514
 6493.500
 6492.912
-6087.460
 6492.929
-6101.268
 6492.872
-6134.533
 6492.819
 6492.384
 6492.741
 6492.796
 6496.361
 6493.099
-5948.870
 6492.379
-6120.306
 1896.495
 6492.742
 6492.328
 6492.950
 6492.992
