 1850.517
-6126.342
-2689.870
 2097.110
 1875.249
  154.285
-2658.121
   63.157
 -712.455
 2265.584
-1023.270
-2867.642
 -872.759
 -446.816
-2813.258
-5900.173
  515.336
 1917.434
-3294.813
-5881.097
  471.580
-6091.702
 -642.368
 2289.591
-3092.080
-1223.689
-3074.975
-6119.474
 -497.601
 2032.572
 6525.650
 2282.960
 -396.399
-1351.003
 -188.588
-6089.237
-2427.614
  205.860
 -232.665
 1866.258
  482.293
-6124.340
-6137.034
 6524.847
  406.414
 1932.161
 -951.077
 2038.297
-5856.278
-6105.874
