  745.776
  754.471
  744.832
  745.324
 -194.687
  745.224
  745.304
  750.264
  744.618
  745.774
  744.376
 -135.890
 -182.719
  745.460
  744.967
  186.722
 -200.080
 -206.658
  744.857
  744.902
 -133.245
 -160.857
 -174.532
  745.426
  744.445
 -155.827
  745.633
 -192.201
 -147.851
 -125.404
 -206.214
  745.129
 -209.240
 -184.473
 -158.101
  745.171
  745.500
 -122.659
  751.111
 -143.546
 -152.572
  751.763
 -145.841
  745.532
 -211.829
  745.639
  746.036
  744.789
   52.432
  745.992
  746.132
  277.477
 -198.928
  745.028
  744.651
  135.059
  745.372
  -92.465
 -193.704
  380.002
 -133.811
 -204.909
  745.776
 -205.614
  745.708
 -123.935
   53.714
 -176.413
  745.224
 -176.312
 -190.035
  269.220
  744.954
  745.273
  744.644
  -90.482
  745.901
 -197.550
  744.780
 -129.325
 -187.249
  745.067
  745.449
  743.966
 -214.165
  744.739
  745.773
  744.885
  744.689
  745.402
 -105.113
 -173.891
  750.499
  745.783
  745.881
  745.327
 -177.885
  301.024
  746.141
  745.752
  746.680
  745.308
 -190.323
  744.587
  143.686
  745.615
 -206.417
  745.832
 -182.678
  745.684
  745.832
  745.132
   17.969
  744.396
  277.655
  744.962
 -172.132
 -104.509
  746.460
  745.527
 -173.725
  746.036
 -150.909
  750.391
  621.935
  744.834
  751.389
 -212.303
  746.424
 -153.126
 -119.694
 -166.923
  745.079
  744.683
  744.930
  744.821
  745.348
  750.550
  745.657
  745.180
  744.777
 -180.548
 -133.557
 -204.513
 -198.714
  750.512
 -163.193
  499.127
 -144.710
  195.810
  749.580
 -207.483
  745.103
  745.639
  745.524
 -176.298
  746.083
 -191.927
 -151.352
  750.373
  744.401
 -149.813
  745.883
  745.535
  745.541
  745.954
  745.071
  744.735
 -167.024
  745.814
  746.113
 -196.037
  362.086
  546.948
  745.273
  745.280
  745.120
  744.815
  745.778
  345.462
 -187.698
 -187.870
  746.257
  746.115
 -166.105
  745.597
  745.165
  745.056
  744.473
 -213.149
  744.070
  751.404
   53.302
  745.963
  745.448
  745.479
 -118.819
  179.295
  125.642
 -206.385
  745.974
 -182.231
 -149.709
  746.168
  744.628
  744.893
  622.324
  220.303
  745.110
  751.049
  744.799
  745.333
 -194.411
  745.681
   38.474
  745.431
  744.917
  745.324
 -203.798
 -213.876
   53.178
 -203.505
  745.086
  744.988
  744.900
  745.534
 -115.210
 -192.249
  746.271
  746.250
  745.367
 -137.191
  745.394
 -157.902
  745.308
 -207.800
  745.229
  744.576
  745.112
  745.194
  750.542
  745.649
   70.695
  744.568
 -186.460
 -152.758
  745.113
  744.492
  745.424
  745.488
