  741.324   920.590
-2549.540 -2064.359
 -409.970   376.751
  243.645  1049.747
  211.785  1005.512
 -530.456   445.279
 -504.061   470.808
 -506.423   443.853
 -480.195   444.191
 -184.635   743.461
 -519.510   444.496
 -541.203   403.190
 -473.569   434.042
 -443.388   430.068
 -489.068   352.724
 -729.859   107.613
 -365.966   322.094
 -246.267   445.179
 -362.778   297.016
 -645.051    -2.972
 -248.260   235.133
 -572.304   -59.176
 -206.388   205.715
  -94.669   313.363
 -201.748   188.275
 -194.956   184.494
 -219.296   145.040
 -513.757  -144.967
 -131.997   125.445
  -28.268   233.347
  152.714   493.515
 -104.584   307.886
 -216.023   214.149
 -219.817   200.937
 -204.333   199.536
 -539.393  -120.959
 -291.687   198.931
 -276.482   191.199
 -236.211   205.047
 -123.106   323.989
 -238.045   237.737
 -570.721   -85.866
 -574.670   -79.175
  128.066   519.726
 -260.304   257.239
 -160.487   360.819
 -283.245   244.324
 -165.299   362.521
 -598.200   -50.322
 -583.349   -37.501
