 1850.517
-6126.342
-2689.870
 2097.110
 1875.249
  154.285
-2658.121
   63.157
 -712.455
 2265.584
-1023.270
-2867.642
 -872.759
 -446.816
-2813.258
-5900.173
  515.336
 1917.434
-3294.813
-5881.097
  471.580
-6091.702
 -642.368
 2289.591
-3092.080
-1223.689
-3074.975
-6119.474
 -497.601
 2032.572
 6525.650
 2282.960
 -396.399
-1351.003
 -188.588
-6089.237
-2427.614
  205.860
 -232.665
 1866.258
  482.293
-6124.340
-6137.034
 6524.847
  406.414
 1932.161
 -951.077
 2038.297
-5856.278
-6105.874
-1040.087
  490.023
-6086.203
 -356.730
-1501.334
 1911.786
 -513.273
 -268.217
-6119.574
-6088.127
 -952.220
-3547.766
   79.816
 1875.198
-6138.270
-5715.024
 -522.703
-1108.072
-3002.264
   95.148
-3522.285
-2263.871
 -453.966
 6555.159
 1617.923
-6251.577
 1919.359
-2860.323
  367.232
  -62.775
-3168.664
 -643.068
 -332.959
 -490.367
-2943.745
-3383.388
-6135.695
 1866.955
  194.465
-6095.339
   59.731
-6136.343
  -94.012
-6130.684
-3213.180
-3681.400
-3688.106
-3702.926
-3678.615
 1632.843
-3705.434
-3689.370
 6498.296
-3682.095
-3717.716
-3688.911
-3685.714
-3681.567
-3640.487
-3593.052
-3528.247
-3488.916
-3421.605
-3432.165
-3336.711
-3297.080
-3263.111
-3194.878
-3209.820
-3124.701
-3113.001
-3145.379
-3077.675
-3065.992
-3067.060
-3016.873
-3054.077
 1196.957
-3566.048
 1082.672
-3707.707
-3695.917
-3679.797
-3699.449
-3689.436
-3702.890
-3654.389
-3714.702
-3672.358
-3659.562
-3694.803
-3702.565
-3704.260
-3692.763
-3692.631
-3715.904
-3700.522
-3691.080
-3706.881
-3679.823
-3685.491
-3707.991
-3696.440
 1725.711
 -105.428
   40.030
 6514.801
 1816.256
-3713.430
-3709.807
-3682.549
-3705.711
-3680.164
 1750.148
-3663.238
 -980.927
-3686.235
-3684.480
-3694.188
 6478.499
-3700.533
-3692.834
-3689.483
-3695.449
-3677.866
-3706.222
-3686.631
-3714.227
-3675.457
-3669.976
-3680.795
-3693.728
-3712.940
-3696.495
-3674.467
-3705.329
-3707.596
-3724.603
-3708.658
-3698.829
-3705.383
-3706.111
-3676.655
-3674.677
-3685.908
-3705.749
-3703.848
-3711.344
-3714.660
-3694.141
-3689.575
-3711.254
-3699.321
-3708.510
-3721.672
-3652.145
-3695.628
-3714.140
-3652.541
-3687.493
 6483.258
-3703.534
-3705.154
-3692.961
-3713.877
-3664.411
-3707.508
-3695.701
-6454.635
-3512.687
-3711.045
-3708.779
-3695.576
-3648.881
-3694.449
-3707.492
-3691.612
-3709.488
-3712.222
-3701.018
-3692.553
-3702.744
-3693.901
-3664.114
-3686.579
-3656.129
-3696.606
-3699.198
-3715.842
-3693.917
 6471.255
-3716.833
-3709.617
-3712.616
-3699.744
-3688.704
-3709.495
-3711.592
-3714.648
-3706.749
